name	variability	bootstrap_lower_bound	bootstrap_upper_bound	p_value	p_value_adj
AC0004:ZSCAN:C2H2_ZF	2.99987235026135	0.698050308386735	3.47183357090663	5.89388899314061e-06	1.29462320297606e-05
AC0005:POU3F/POU1F:Homeodomain,POU	2.16278459474547	0.588301460490848	2.58199640111293	0.00286069499478629	0.00478284176293666
AC0006:MEOX:Homeodomain	3.09623053772098	0.47147791489767	3.38808698164984	2.51522166006638e-06	5.76329567432475e-06
AC0011:POU6F/NKX:Homeodomain	2.28030448677092	0.325316060415135	2.76447271776034	0.00136989952660173	0.0023394798885933
AC0013:SIX:Homeodomain	2.41920706468284	0.160420254679681	2.71788990910677	0.000542591061210455	0.000996053331386339
AC0015:RUNX:Runt	3.90028957681388	1.03782988177591	4.56193996010074	6.775152481461e-10	2.56891198255396e-09
AC0016:KLF:C2H2_ZF	2.58150345494229	0.0836468606528464	2.69350525961034	0.000170352616591572	0.000328832172026762
AC0017:RUNX:Runt	1.73551265066617	0.360108259610189	2.05201511378078	0.0288158929942163	0.0404311097738232
AC0018:ZBTB:C2H2_ZF	4.02546118524161	0.97393218078562	5.00206276477397	1.57691287593022e-10	6.60850988136544e-10
AC0019:AIRE:SAND	2.90198325771813	0.978507567633231	3.445313451665	1.35938891138314e-05	2.92544167753738e-05
AC0021:ZNF:C2H2_ZF	4.60387677551278	1.15486566062571	5.50769705747757	1.00588618277659e-13	6.16105286950664e-13
AC0022:ZNF:C2H2_ZF	3.50824843072589	0.808917862132241	4.17079593834891	4.7762784456918e-08	1.39563732564481e-07
AC0023:ZNF:C2H2_ZF	4.8564146621291	1.21341702706323	5.49564497287045	2.94259507742282e-15	2.31411489422017e-14
AC0024:ZNF:C2H2_ZF	4.03553566159691	0.547286342635455	4.49598850561414	1.39941791288587e-10	5.94286140338867e-10
AC0025:ZNF:C2H2_ZF	6.57107268297433	1.12489795780059	7.45205967922645	6.80537345183894e-28	2.55001346401259e-26
AC0026:ZKSCAN:C2H2_ZF	4.11608899698564	1.35230433707381	4.77199684726854	5.32650756876337e-11	2.47663162138852e-10
AC0027:ZNF:C2H2_ZF	4.97633926174854	0.6841648418563	5.48724944771033	5.1389088029768e-16	4.61054212323411e-15
AC0028:KLF:C2H2_ZF	6.43201786112152	1.62813259467689	7.32966804761	1.00370372340445e-26	3.19679635904316e-25
AC0029:ZNF:C2H2_ZF	3.24804738170763	0.382413104426024	3.95817202217013	6.20382254602877e-07	1.53171897744974e-06
AC0030:ZNF:C2H2_ZF	2.68473174814163	0.596179863144929	3.23331392288018	7.81262095018223e-05	0.000157988556992574
AC0033:PRDM:C2H2_ZF	3.02566958357003	1.07501453605593	3.49522697731012	4.70556816279716e-06	1.04440659223059e-05
AC0034:NR2F/NR1H:Nuclear_receptor	3.56154352994865	0.642188119004801	3.91030239321978	2.75333907117754e-08	8.27300466198158e-08
AC0035:ZNF:C2H2_ZF	3.76174433478313	0.583542169376381	4.15936829614532	3.2167054350879e-09	1.13206705091215e-08
AC0036:BCL11A/BCL11B:C2H2_ZF	4.75323265177898	0.60673431636387	5.44960735454217	1.27524755064433e-14	8.9267328545103e-14
AC0037:ZNF:C2H2_ZF	3.12733518670658	1.06401212331062	3.67101111357201	1.89905814545093e-06	4.46383778100459e-06
AC0038:THAP:['C2CH_THAP-type_zinc_finger_factors']	6.15048469068697	1.04924616349076	7.14302200455668	1.9505143525023e-24	4.96991057017585e-23
AC0039:TFAP2A/TFAP2C:AP-2	2.02669720570231	0.109578005938303	2.4556052191931	0.00635622600755639	0.00994819647865706
AC0040:ZNF:C2H2_ZF	3.01754318095669	0.940239638797721	3.60934713285335	5.05258070282517e-06	1.11753260684015e-05
AC0043:TFAP2A/TFAP2C:AP-2	4.28850063221124	0.720678373053767	4.76917470151861	6.30455430515349e-12	3.16220558455337e-11
AC0045:ZNF:C2H2_ZF	5.50961594049162	1.74620106084615	6.42951740807209	1.29192094229391e-19	1.7509651920026e-18
AC0046:EBF:['Rel_homology_region_(RHR)_factors']	4.93420494329527	1.75859316920328	5.80570966236804	9.53453810566505e-16	8.31986407302553e-15
AC0047:ZNF:C2H2_ZF	5.54252687541473	1.58839668492759	6.62764198033745	7.5303417012208e-20	1.04278862253862e-18
AC0048:ZNF:C2H2_ZF	1.91103354815712	0.479176093021351	2.29078964755227	0.0119653805020829	0.0177667771091534
AC0049:PLAGL:C2H2_ZF	3.30397446937032	0.830429461107283	3.97820852092827	3.63864536189719e-07	9.23433105788252e-07
AC0050:ZNF:C2H2_ZF	2.17606640489965	0.754661131580888	2.53129041551528	0.00263800152110476	0.0044221236024835
AC0051:PLAG:C2H2_ZF	3.19471533455985	1.00303609345746	3.78183478193288	1.0226592617618e-06	2.48638912115368e-06
AC0052:ZNF:C2H2_ZF	5.78789713346189	0.947722510232204	6.61624104524143	1.21378895540444e-21	2.14773212386841e-20
AC0053:ZNF:C2H2_ZF	2.59738574457841	0.701828737088326	3.05885185459277	0.000151425067416401	0.000294977883621552
AC0055:ZNF:C2H2_ZF	3.47280830465925	1.13993257315005	4.0306273863779	6.85608998968803e-08	1.94103525485834e-07
AC0056:ZNF/SP:C2H2_ZF	1.97426434746739	0.301456917364066	2.39872251113978	0.00851170477082288	0.0129402289713942
AC0057:ZBTB/ZNF:C2H2_ZF	2.24270903951199	0.567634926984402	2.69030598415088	0.00174196057320503	0.00295114065194576
AC0058:ZNF:C2H2_ZF	3.35577189347892	1.00226711760461	4.03757568716072	2.20090848079699e-07	5.69910041572229e-07
AC0059:YY/ZFP:C2H2_ZF	2.04572509664795	0.560390498741605	2.42800868066646	0.00570485465797938	0.00901735091099966
AC0060:YY/MZF:C2H2_ZF	2.80333832938908	0.963287870954322	3.29544472712796	3.06237135900779e-05	6.3958378875015e-05
AC0061:YY:C2H2_ZF	5.41110977613063	0.874279679724785	5.95154268886973	6.37330532523965e-19	7.80729902341857e-18
AC0062:ZNF:C2H2_ZF	2.37728596955748	0.618072945435432	2.71948990737382	0.000722146293971704	0.0013068386058522
AC0063:ZNF:C2H2_ZF	3.72882736486303	1.13944748832346	4.42234514039512	4.61729823735966e-09	1.58984809578276e-08
AC0065:RFX:RFX	2.51750239367594	0.560424976776415	2.97679981213172	0.000271653118689821	0.000516546377926615
AC0066:RFX:RFX	2.84824039477989	0.0606527635572806	3.40624159163392	2.12387820567136e-05	4.50970139004218e-05
AC0067:RFX:RFX	2.08719575667396	0.0132222991161567	2.55606239101428	0.0044894085370176	0.00733270061046209
AC0068:HIC:C2H2_ZF	1.72750535024232	0.0176250657881183	2.0626605164655	0.0299247347324795	0.0418946286254713
AC0069:ZNF:C2H2_ZF	2.31854877780245	0.0592663050195482	2.81852514807213	0.00106798027185565	0.00188973175881124
AC0070:MYB/MYBL:Myb/SANT	2.78096558254238	0.612496492167529	3.29461883169215	3.66633137814648e-05	7.6073390484668e-05
AC0071:MYB:Myb/SANT	2.03761856815196	0.400829876828125	2.45683304240503	0.00597461049339673	0.00939710341800917
AC0072:MYBL:Myb/SANT	2.0894405768224	0.203339142967618	2.38071877823153	0.00443087371185262	0.00725595287487702
AC0073:MYBL:Myb/SANT	1.95598342862899	0.0405980896880951	2.28885516563171	0.00940468567039207	0.0141961724455918
AC0075:OVOL:C2H2_ZF	1.80755381380543	0.278390425076379	2.11682246919746	0.020328707994417	0.0291869963021688
AC0076:OVOL:C2H2_ZF	2.30890723355397	0.749550889206925	2.74165967449258	0.00113765292126912	0.00200189201891831
AC0077:ZIC/GLIS:C2H2_ZF	1.96332982612586	0.598583024032679	2.32887361616227	0.00903623937365779	0.0136724096936342
AC0078:CTCF/CTCFL:C2H2_ZF	2.60758132341627	0.757349401549028	3.11515188884282	0.000140340116385129	0.000274222865451925
AC0079:ZNF:C2H2_ZF	6.48389214691191	2.02401115063883	7.45288617064828	3.70314994955332e-27	1.31050362103637e-25
AC0080:ZNF:C2H2_ZF	5.21852737698623	0.919641830679118	6.17931116894671	1.32598753728373e-17	1.50831082366024e-16
AC0081:NFIA/NFIC:SMAD	2.91146337584412	0.326879413008464	3.53719789402914	1.25532856414317e-05	2.71987855564354e-05
AC0082:NFIX/NFIC:SMAD	5.95859977745098	1.31152480296362	6.76587690229019	6.17000770617698e-23	1.35527410649474e-21
AC0083:ZBTB:C2H2_ZF	4.17893354289513	0.981905850972055	4.97093589166748	2.47279058614489e-11	1.19330879043507e-10
AC0084:HIC:C2H2_ZF	7.10564622220134	0.895537100248425	7.80473453188582	1.26915699690039e-32	8.08453007025546e-31
AC0085:ZNF:C2H2_ZF	4.09250922288935	0.236039918525242	4.35849385286304	7.08160711920474e-11	3.24531203952045e-10
AC0088:ZNF:C2H2_ZF	3.68487700359035	1.01641617053486	4.1722790199404	7.44276806175706e-09	2.4564990960307e-08
AC0089:ZNF:C2H2_ZF	2.08231974922142	0.563833096064691	2.36974587419648	0.0046189779102472	0.0075058391041517
AC0090:ZNF:C2H2_ZF	5.15973874325987	1.13569501360475	5.9211428611369	3.27489212186592e-17	3.36468755101386e-16
AC0091:ZNF:C2H2_ZF	1.8289508068323	0.290903076190897	2.13146960568842	0.0182694210513009	0.0265093877213638
AC0094:ZNF:C2H2_ZF	1.87290522861943	0.428522869076235	2.2576066424557	0.0146035223914906	0.0213849281916771
AC0095:E2F:E2F	4.0082604791955	0.189766007958507	4.60590264182381	1.93214791381336e-10	7.94050465225232e-10
AC0096:ZNF:C2H2_ZF	2.07899926893744	0.306444637891811	2.41591342636573	0.00470914431071231	0.00761351504041559
AC0099:ZNF:C2H2_ZF	4.30771689992252	0.716956632711625	5.09619146150915	4.94219269712679e-12	2.5388522161853e-11
AC0100:ZNF:C2H2_ZF	4.28907865794877	1.38094219848006	5.13258481012248	6.25865510920288e-12	3.16220558455337e-11
AC0101:ZBTB:C2H2_ZF	1.99970383727016	0.173217312834702	2.25083072212346	0.00739534386375675	0.0114340632068278
AC0102:ZNF:C2H2_ZF	2.50834655868994	0.10888100275426	2.76199000265837	0.00029010435232804	0.000549989501288575
AC0103:ZBTB:['C2H2_zinc_finger_factors']	3.13412184074276	0.260627145065691	3.60981952992738	1.78541349373359e-06	4.2122533166974e-06
AC0104:ZNF:C2H2_ZF	7.39985871589429	1.09449257940359	8.30801725911351	2.19158099454732e-35	1.99433870503806e-33
AC0107:KLF:C2H2_ZF	3.63076225094555	0.977488757188431	4.30050127646893	1.32893322735911e-08	4.29710896359264e-08
AC0114:ZNF/VEZF:C2H2_ZF	3.22380599564796	0.786380119241361	3.89972453846182	7.79467680946125e-07	1.90969581831801e-06
AC0116:GLIS:C2H2_ZF	2.18211490994844	0.618947502821631	2.59978580578695	0.00254194876315085	0.0042723518789633
AC0117:GLI/ZIC:C2H2_ZF	5.16021237755737	1.27065778017157	5.85336707576583	3.2512602100914e-17	3.36468755101386e-16
AC0118:ZBTB7A:C2H2_ZF	1.92045234747798	0.261449582898374	2.16647266984061	0.0113826276942341	0.0169806413143492
AC0120:RREB:C2H2_ZF	4.64670997488961	1.47158630019592	5.35969187285549	5.60181387690577e-14	3.51509928151926e-13
AC0121:ZNF:C2H2_ZF	5.45909188619052	1.28040802182417	6.21350661131089	2.93994492363571e-19	3.82192840072642e-18
AC0122:XPA:Unknown	6.80370646844133	1.59307371971896	7.98897834723921	6.6195490763537e-30	3.01189482974093e-28
AC0123:FOXO:Forkhead	6.91031270529139	2.2248745719003	8.16414083408634	7.50030604506202e-31	3.67514996208039e-29
AC0124:ZNF:C2H2_ZF	5.08847404561288	0.931382413369132	5.61769989243291	9.66219691951643e-17	9.05120505548819e-16
AC0125:ZNF:C2H2_ZF	6.41207757220229	1.97027065377795	7.59882534106737	1.46934008811969e-26	4.45699826729639e-25
AC0126:ZNF:C2H2_ZF	2.47684253004622	0.597333569315363	3.01057192621149	0.000362983990925712	0.000680061182999055
AC0127:ZFP:C2H2_ZF	3.39641815274853	0.241634333524784	4.10461573265242	1.4748905111747e-07	3.93098433313089e-07
AC0128:TFCP:Grainyhead	3.83312153163317	1.28638629453804	4.53445243257275	1.45236012064879e-09	5.28659083916159e-09
AC0129:THAP:THAP_finger	4.3755106946079	0.937732187366484	5.03569529429722	2.07486443707113e-12	1.10140720534526e-11
AC0131:ZNF:C2H2_ZF	3.43803318405046	0.712908075955881	4.14680650778932	9.73844145226179e-08	2.6854490065328e-07
AC0132:ZSCAN/KLF:C2H2_ZF	7.57326239929466	1.67023243528086	8.9517013147384	4.56351933192549e-37	4.84493635739423e-35
AC0133:ZNF:C2H2_ZF	4.05806274304636	1.36323495665618	4.69711543195674	1.07028122214039e-10	4.70185612760983e-10
AC0134:HSF:HSF	4.54187648535254	0.915855309132968	5.06657158608277	2.32398271908411e-13	1.37071943708942e-12
AC0135:ZBTB:C2H2_ZF	4.4494301116694	1.00637343336633	5.21421064241898	7.92629537946813e-13	4.35262944544931e-12
AC0136:INSM:C2H2_ZF	3.98823793506861	1.42696508308646	4.64645875862263	2.44485703842544e-10	9.91957919412107e-10
AC0137:ZNF:C2H2_ZF	1.87131431779969	0.376777177952959	2.27530459238693	0.014723959824058	0.0215118403851489
AC0138:GTF3A:C2H2_ZF	5.59758195443952	0.909548903097367	6.37907890173856	3.03023268445129e-20	4.28946271110105e-19
AC0139:ZNF:C2H2_ZF	4.37180464424269	1.44537873212001	5.13133406099942	2.17646835604431e-12	1.14579367173572e-11
AC0140:ZNF75A/ZNF75D:C2H2_ZF	3.61976615508541	0.689575780017037	4.37426100382766	1.49343357586475e-08	4.749764256808e-08
AC0141:IKZF:C2H2_ZF	7.2059378270744	1.69032774701209	8.03293671317943	1.49447808978962e-33	1.18997817899498e-31
AC0142:IKZF:C2H2_ZF	2.68165559676297	0.591495828041106	3.22945543989136	8.00006391909962e-05	0.000161267111280584
AC0145:ZNF:C2H2_ZF	5.81778014761131	1.49992101904448	6.57652346068643	7.2511761521097e-22	1.31971405968397e-20
AC0146:ZNF/ZNF324B:['C2H2_zinc_finger_factors']	4.28881235970093	1.39030954939814	4.99093094878706	6.27976014573721e-12	3.16220558455337e-11
AC0147:ZNF:C2H2_ZF	4.69086030107401	1.54867878158648	5.57636349722702	3.04617005635926e-14	2.02126075614672e-13
AC0148:ZNF:C2H2_ZF	4.7915994434413	1.58048514206337	5.65665446668285	7.42039480774315e-15	5.43309366957745e-14
AC0149:ZNF:C2H2_ZF	2.53281364016641	0.261128158220288	3.09102906098367	0.000243239748651704	0.000466697951479323
AC0150:ZNF:C2H2_ZF	2.05845439020922	0.0461207749284513	2.51911621148115	0.00530341592426508	0.00844568985939215
AC0151:ZNF:C2H2_ZF	3.11829832527979	0.84710845649653	3.76386381277096	2.0612357273361e-06	4.79199692815e-06
AC0153:ZNF:C2H2_ZF	4.71548944078354	1.34765033415257	5.4961916521116	2.16293311384716e-14	1.48149289625875e-13
AC0154:ZNF:C2H2_ZF	7.06994847814822	1.30815856805011	7.9265978657571	2.69780114669653e-32	1.56227211858699e-30
AC0155:ETS/SIX:Ets	4.05361851504466	0.913538376293529	4.66314777637348	1.12856040214833e-10	4.89042840930945e-10
AC0156:ZNF:C2H2_ZF	4.33968458244974	0.52612382865659	4.91290404904306	3.2880546338255e-12	1.71679573913676e-11
AC0157:ZFP:['C2H2_zinc_finger_factors']	2.86255558988002	0.0458718992903637	2.9480362880249	1.8875195106051e-05	4.02123721824565e-05
AC0158:E2F/TFDP:E2F	3.84799839504691	0.199497521646341	4.49670279273309	1.2281301750855e-09	4.52207469092176e-09
AC0159:E2F:E2F	2.8199713574751	0.477763056963007	3.30022876909037	2.67610199374426e-05	5.64462572852681e-05
AC0160:BCL11B:C2H2_ZF	2.35790803333494	0.535946787375527	2.64958689271495	0.00082263599959173	0.00147611023025333
AC0161:E2F/ZBTB:E2F	4.7402250903132	0.150400837642703	4.93348808799044	1.5306734350064e-14	1.05982497619465e-13
AC0162:ZNF:C2H2_ZF	4.85249777174371	1.35084905050353	5.50542587695995	3.1128852748404e-15	2.41818039033333e-14
AC0163:ZNF:C2H2_ZF	6.4731939903314	0.68584750602057	7.37317969455857	4.55162131656058e-27	1.5259909361311e-25
AC0164:ZNF:C2H2_ZF	4.97719562170181	1.56266549775243	5.7081876345436	5.07447294174221e-16	4.61054212323411e-15
AC0165:ZNF:C2H2_ZF	3.56553392078483	1.18876033440038	4.17090983044243	2.6411642270318e-08	8.01153148866313e-08
AC0166:ZFP:C2H2_ZF	2.64241459491522	0.962167210277856	3.09755695540451	0.000107974904114178	0.000214267956139349
AC0167:ZNF:C2H2_ZF	2.25226904019134	0.337340828215085	2.73765397344066	0.00163940504374927	0.00279224869750879
AC0168:ZNF:C2H2_ZF	2.42367638059402	0.641707509386071	2.85383275227686	0.000526133160583917	0.000968632437259986
AC0170:FLI/ZNF:Ets	1.80740371148407	0.217337141574498	2.20222743655719	0.0203438404366765	0.0291869963021688
AC0174:ZSCAN:C2H2_ZF	4.95262402150383	1.53126314688383	5.74930884974428	7.2818842439735e-16	6.44244481029322e-15
AC0175:MZF:C2H2_ZF	2.99737121186466	0.37583225087828	3.64617276638578	6.02331476696128e-06	1.31850567235544e-05
AC0176:MZF:C2H2_ZF	4.42687083628479	0.692844389090569	5.37100864415567	1.06507571202571e-12	5.70128763496115e-12
AC0177:ZNF/MZF:C2H2_ZF	4.64637940765953	1.30239162394252	5.53957776091142	5.62729799296681e-14	3.51509928151926e-13
AC0178:ZNF:C2H2_ZF	3.06166619903938	0.987035718356639	3.52300979959025	3.4250532337164e-06	7.7093954412627e-06
AC0179:ZNF:C2H2_ZF	3.45926663543473	0.619626628765358	4.18480850547574	7.86355484535541e-08	2.21640904269531e-07
AC0182:ZNF:C2H2_ZF	2.05970367768919	0.662127353787499	2.45790454334745	0.00526542811913599	0.00840620980423465
AC0183:ZNF:C2H2_ZF	1.91474647460719	0.213325595276536	2.31342828457456	0.0117325707900345	0.0174617934421774
AC0184:ZNF:C2H2_ZF	1.87909510271862	0.397301580309481	2.29766255872943	0.0141431463770133	0.0208545931531423
AC0185:ZNF:C2H2_ZF	3.55920966793127	0.289173443949842	4.0413312474071	2.82107827699251e-08	8.39732178712258e-08
AC0186:ZNF:C2H2_ZF	1.9237563311187	0.103149643962338	2.35126742606672	0.0111842578147856	0.0167238784695268
AC0188:IRF/STAT:IRF	3.19417442831868	0.860158200480852	3.81630281738058	1.02781050843764e-06	2.48941176378242e-06
AC0192:PRDM:C2H2_ZF	2.52806960070749	0.90935513809734	2.96354047926377	0.000251729817383732	0.00048153721823855
AC0193:ZNF:C2H2_ZF	5.21311109225874	1.15618984862948	6.00842936785826	1.44180341738786e-17	1.61127855592292e-16
AC0194:ZNF:C2H2_ZF	2.02208418345881	0.536136329527885	2.41731455673488	0.00652391087395052	0.0101856157517316
AC0195:ZNF:C2H2_ZF	2.69684874233972	0.409247774612211	3.2632160931229	7.11399766759736e-05	0.000144318997269411
AC0196:NFKB/RELA:Rel	3.38172235019222	0.148671566529827	4.13625327097292	1.70556250744574e-07	4.50806355702463e-07
AC0197:ZBTB:C2H2_ZF	3.39732870433749	0.0216501681181966	4.1588875981441	1.4616390435771e-07	3.91203391075047e-07
AC0198:ZBTB:C2H2_ZF	4.0851594306665	1.02541008040734	4.64577331177653	7.73632925510256e-11	3.52002981107167e-10
AC0199:HSF:HSF	5.17313908006855	1.58134240103069	6.15503261556078	2.66744241560246e-17	2.83193469789795e-16
AC0200:ZNF:C2H2_ZF	3.71636762474515	1.13298208016611	4.26960111239962	5.28969682679764e-09	1.78282374532809e-08
AC0201:TEAD:TEA	4.13705625997862	1.45797425385929	4.80434188096067	4.1289366251597e-11	1.96278554494532e-10
AC0202:ZNF:C2H2_ZF	3.61943088821881	1.1937334563164	4.26854219702764	1.49874821918117e-08	4.749764256808e-08
AC0203:ZNF:C2H2_ZF	3.63011124910071	1.10432293346765	4.31810718162314	1.33816052546138e-08	4.30509219555001e-08
AC0204:ZNF33B:C2H2_ZF	2.1354450877246	0.088104424970255	2.60866639600123	0.00337413132487657	0.00558265364661395
AC0206:NFATC:Rel	1.90780769562093	0.0516893906885801	2.10518343303044	0.0121709648978814	0.0180137998921231
AC0208:NFATC/ZNF:Rel	2.06724890701948	0.175631513179225	2.50868689050512	0.0050411836518877	0.00808875059509437
AC0209:ZNF:C2H2_ZF	2.07900227386171	0.593923671578987	2.4731796969234	0.00470906199655008	0.00761351504041559
AC0211:ZNF:C2H2_ZF	3.27621785785576	0.861236970308286	3.90919432682579	4.74749821502855e-07	1.19061274132803e-06
AC0212:STAT/STAT5A:STAT	1.70924479654811	0.0929089270530957	1.82012265031413	0.0325907351888806	0.0454273486111968
AC0213:STAT/STAT5A:STAT	2.03783663583877	0.627360520743082	2.42470239389205	0.00596720588551527	0.00939710341800917
AC0214:OSR:C2H2_ZF	1.81687167816449	0.191626149496413	2.19838067230406	0.0194083199723459	0.0280342399600551
AC0215:ZNF:C2H2_ZF	2.62206438204174	0.605706222442402	3.14890614637265	0.000125904246673769	0.000248300325483563
AC0216:ZNF:C2H2_ZF	1.80589079518918	0.398388912970784	2.17337591265679	0.0204969122246594	0.029340523791254
AC0217:ZNF:C2H2_ZF	3.60962871710668	0.857700614220199	4.21751535451585	1.6625255887172e-08	5.19131764712185e-08
AC0218:ZSCAN:C2H2_ZF	4.64636290221065	1.77429158037395	5.39643051402362	5.62857341781733e-14	3.51509928151926e-13
AC0219:HMBOX:Homeodomain	2.70932142269853	0.230625193871121	2.97172813378116	6.45698188607707e-05	0.00013183004684074
AC0220:ZNF:C2H2_ZF	2.61032915814884	0.872107998887942	3.05585093074569	0.000137486352555401	0.000269473251008585
AC0223:ZNF:C2H2_ZF	2.10946520055306	0.520023108695287	2.55870730114389	0.00393858534315475	0.00649968617510253
AC0224:ZNF:C2H2_ZF	3.94067420570725	0.394336841677412	4.81015376227729	4.25528232680471e-10	1.71557901403456e-09
AC0225:ZNF33A:C2H2_ZF	1.81616784367812	0.444563371028225	2.18802067687759	0.0194765510032408	0.0280691470340823
AC0226:ZKSCAN:['C2H2_zinc_finger_factors']	3.40933207751666	1.03181679418455	4.00373134334226	1.29737592822628e-07	3.50181553508535e-07
AC0227:SPI/BCL11A:Ets	3.60541102975133	1.03014148160547	4.30493700389279	1.73823573448648e-08	5.4012495749653e-08
AC0228:CTCF:C2H2_ZF	3.49536074564857	1.28740514940075	4.08434105905137	5.44968202918092e-08	1.57079070252862e-07
AC0229:ZFP:C2H2_ZF	3.84815399873906	0.0833383215260439	4.38636170522996	1.22597351419703e-09	4.52207469092176e-09
AC0230:MECP:MBD	2.70880609135494	0.791158242202378	3.14764979669025	6.48294753451103e-05	0.000131937302858899
AC0231:PAX:Homeodomain,Paired_box	2.15317546474821	0.443575999694838	2.60582080434971	0.00303239172878727	0.00504342958547647
AC0232:SMAD:['SMAD/NF-1_DNA-binding_domain_factors']	2.15922271071234	0.300257177816454	2.60863962776548	0.00292327381319396	0.00487467387173967
AC0233:HINFP:['C2H2_zinc_finger_factors']	2.23410832421208	0.247021477434162	2.53006921519759	0.00183924529772183	0.00310769033063344
AC0234:HINFP:C2H2_ZF	3.1118910418974	0.0737682785020375	3.56249051765043	2.18421229796035e-06	5.05942994109362e-06
AC0235:HINFP:C2H2_ZF	2.81198485825476	0.220301766971141	3.27624920367672	2.85538683033105e-05	6.0029089469336e-05
AC0236:BATF/IRF:bZIP	3.90840147384318	1.24294008786231	4.49775179915638	6.17333482761713e-10	2.35473909292941e-09
AC0237:ZNF:C2H2_ZF	2.4929979061642	0.479457394015001	2.81735947690552	0.000323699951918521	0.000608250352130082
AC0238:ZNF:C2H2_ZF	5.14446162715536	0.417313283604481	5.70565358119362	4.13513184465313e-17	4.11574841413132e-16
AC0239:BACH/NFE:bZIP	4.89003069919253	1.05357596505278	5.5357536194539	1.81221300871024e-15	1.49919439811484e-14
AC0240:ZNF:C2H2_ZF	5.70044524266648	0.808657746221299	6.23851161177998	5.39696457595057e-21	8.81504214071926e-20
AC0241:NFE2L/JUN:bZIP	4.03603686568202	0.948485365140486	4.52256172458695	1.3911176795917e-10	5.94286140338867e-10
AC0242:FOSL/JUND:bZIP	3.86273718910582	0.517908076442629	4.5216079148617	1.03944241131015e-09	3.87207494739511e-09
AC0243:ZSCAN5C:C2H2_ZF	4.06764159607424	1.14439100136169	4.84464845900505	9.54504245437737e-11	4.25188254785901e-10
AC0244:MAFG/MAFF:bZIP	3.67164767342088	0.805727280076624	4.32978450265868	8.5830934469644e-09	2.81826315758573e-08
AC0245:ZBTB:C2H2_ZF	1.97849243940647	0.527756966956404	2.60913526566564	0.00831629995477951	0.012673404476542
AC0246:MAFF/MAF:bZIP	1.70617195420426	0.198153369239252	2.06632488342247	0.0330586998907738	0.0456798087427828
AC0247:ZNF:C2H2_ZF	4.50789790653807	0.916277378424006	5.19676973167947	3.65923515135141e-13	2.08118999233111e-12
AC0248:ZNF:C2H2_ZF	4.18544596639573	1.60426952558482	4.86916753872443	2.282199570023e-11	1.10974131763714e-10
AC0250:MECOM/ZSCAN:C2H2_ZF	1.7554693350372	0.320731787442094	2.12203337987886	0.0262045313994093	0.0368483145726793
AC0253:GATA:GATA	1.7972340657225	0.415636302002581	2.16127714868056	0.0213921894956478	0.0304170194391243
AC0254:GATA/TRPS:GATA	3.89587319250796	0.86252025191216	4.3677953025622	7.12651188155227e-10	2.67034592267576e-09
AC0256:GFI:C2H2_ZF	1.87786584862733	0.571569940294531	2.22624575633864	0.0142335409330092	0.0209394124118404
AC0257:FOXG/FOXK:Forkhead	3.36883708745272	1.08001264484072	3.86713789850666	1.93625837787185e-07	5.07570611812497e-07
AC0259:SOX:Sox	3.92078928419018	1.27290934394	4.62861663485431	5.35373511539751e-10	2.07946906616354e-09
AC0261:SOX/SRY:Sox	1.7066579300172	0.0401567115359648	2.08026453602368	0.0329843116846258	0.0456761011806666
AC0262:SOX/SRY:Sox	2.30556307434928	0.652354592638776	2.76073678172144	0.00116278667966522	0.00202930168478561
AC0263:SOX/SRY:Sox	2.28628546864485	0.622711801309576	2.69619874896904	0.00131798490618713	0.00228140322076413
AC0264:FOXD:Forkhead	1.90753788492251	0.533868957379531	2.25259828624259	0.0121883010259106	0.0180137998921231
AC0267:SOX/SRY:Sox	1.99329703586889	0.595116307004771	2.32776039708817	0.00766336070136469	0.0117912095815684
AC0268:ZNF:C2H2_ZF	3.59067573784556	1.14751617409188	4.22870231857961	2.02998038637218e-08	6.21681493326482e-08
AC0269:CUX:CUT,Homeodomain	3.66582792340015	0.348722719710618	3.93918583612131	9.13702438659599e-09	2.98476129962136e-08
AC0270:BBX:Sox	3.09269678622522	0.680099325773935	3.43958457011326	2.59632352870195e-06	5.92780676624781e-06
AC0271:SOX/SRY:Sox	3.35165120026249	1.26396682244744	3.89396149115199	2.29141020223821e-07	5.88559797913605e-07
AC0272:HSFY:HSF	2.06504134341133	0.023369073151406	2.32896498859187	0.00510588049357907	0.00817197455881876
AC0273:MTF:C2H2_ZF	2.25088606133222	0.234011931005181	2.54779936376931	0.00165388817493348	0.00280940471315367
AC0274:PAX:Homeodomain,Paired_box	8.0679532067684	0.852229909904604	9.19958463485449	4.42498680882076e-42	7.04679149304705e-40
AC0275:ZNF33A:C2H2_ZF	4.63754726920221	1.53035552251478	5.4912658533548	6.3520552029406e-14	3.92840695560501e-13
AC0276:ZNF:C2H2_ZF	1.94748378109934	0.542486447352122	2.31926266335634	0.00984765768469673	0.0148296878135977
AC0277:ZNF:C2H2_ZF	3.72621383946307	1.26263994251947	4.34125115127278	4.7510514154191e-09	1.62710739334514e-08
AC0278:ZFP:C2H2_ZF	3.59164872460605	0.789851487776643	4.3062244448704	2.00933050572323e-08	6.18330208766038e-08
AC0279:ZNF:C2H2_ZF	4.8363862518343	1.32209002274803	5.61836444958235	3.92147912170179e-15	2.97378833395719e-14
AC0280:ZNF:['C2H2_zinc_finger_factors']	2.28115844552795	0.217470303948543	2.77068363975822	0.00136237325826256	0.00233288109008939
AC0281:ZKSCAN:C2H2_ZF	4.5112811635551	1.49658030607683	5.30159169127798	3.49806382381025e-13	2.00744743762805e-12
AC0282:SMAD:SMAD	2.98356022738245	1.12487065271716	3.48175615205036	6.78852797185902e-06	1.47586768534955e-05
AC0285:ZFP:C2H2_ZF	3.5623508924716	0.396589894159511	4.34438052396153	2.73027581152162e-08	8.24258621772166e-08
AC0286:ZNF33A:C2H2_ZF	4.54227231181566	0.388053570008487	5.08131262839429	2.31167701502095e-13	1.37071943708942e-12
AC0287:ZNF:['C2H2_zinc_finger_factors']	4.05364508635863	1.19104914702286	4.78808215934652	1.12820290031051e-10	4.89042840930945e-10
AC0289:ZNF:['C2H2_zinc_finger_factors']	3.83936550531082	0.720807057605894	4.45206284448444	1.35376305638554e-09	4.95601762596314e-09
AC0291:ZFP/ZNF:C2H2_ZF	5.72972802634167	1.84179707880639	6.56361422945672	3.28313254069017e-21	5.65231196870172e-20
AC0292:ZBTB:C2H2_ZF	4.44216943542162	0.0396966221162491	4.68026742291114	8.71846882343111e-13	4.70649545807256e-12
AC0293:ZNF:C2H2_ZF	2.32511233084715	0.38223078560924	2.79822818524045	0.00102283699341561	0.00181726030138905
AC0294:ZNF:C2H2_ZF	4.68104897324934	0.17797749011661	5.23992909031581	3.4895698197482e-14	2.26822038283633e-13
AC0295:ZNF:C2H2_ZF	4.22171315372198	0.952055980878252	4.86220982761186	1.45659711127707e-11	7.19265395258522e-11
AC0296:ZNF:C2H2_ZF	2.34725153810353	0.813873133274408	2.72995170354597	0.000883296691474553	0.00157607841027812
AC0297:ZNF:C2H2_ZF	3.43860780253276	1.24185984869454	4.04938466204659	9.68242448443854e-08	2.68161060721189e-07
AC0299:HMX:Homeodomain	1.9451687438792	0.399994677474608	2.35612348348311	0.00997148907461684	0.0149807512748371
AC0301:ZNF:C2H2_ZF	5.14188734581641	0.299143494258516	5.949355309445	4.30058381910166e-17	4.21457214271962e-16
AC0302:ZNF:C2H2_ZF	3.73477431400952	0.984589730511154	4.33342506075061	4.32647675156529e-09	1.49780744062342e-08
AC0303:ZNF:C2H2_ZF	3.47327462218786	0.472732186747014	4.21389392288872	6.82372892142618e-08	1.94049791203057e-07
AC0304:ZFP:C2H2_ZF	2.47050880535374	0.0684357791928752	3.02444119325065	0.000379571363887089	0.00070905266509113
AC0305:ZNF:C2H2_ZF	5.2254242060697	1.78793400236431	6.01903637455159	1.19172500083161e-17	1.38023422823588e-16
AC0306:TOPORS:Unknown	6.22143443851345	1.53815617969328	7.19806098656769	5.28713333999594e-25	1.40329330732392e-23
AC0307:ZNF:C2H2_ZF	6.22719400802898	1.83066183049993	7.39403878210691	4.75234363600185e-25	1.31619256353617e-23
AC0308:ZNF:C2H2_ZF	4.93089288563984	1.35452408584249	5.61850674536451	1.0006928163636e-15	8.61407194626502e-15
AC0309:ZNF:C2H2_ZF	4.6861962987756	1.12610320893231	5.35559483092954	3.24956490745215e-14	2.13399262479074e-13
AC0310:ZNF:C2H2_ZF	4.69213141030564	1.24741382893499	5.60104480186005	2.99294530425911e-14	2.00684858822427e-13
AC0311:CTCF:C2H2_ZF	5.83722843783559	0.925590560279642	6.68821336403031	5.17806982388853e-22	9.70126611122645e-21
AC0312:ZNF:C2H2_ZF	4.05884334382387	1.49507593977616	4.71808368983991	1.06035349003497e-10	4.69059148022416e-10
AC0313:ZNF:C2H2_ZF	4.31056683434944	1.33090846009289	5.10311902824753	4.76646812912922e-12	2.46848796606123e-11
AC0314:ZNF:C2H2_ZF	3.41188117819146	0.980007370652659	4.06211407322703	1.26487035134734e-07	3.42860601620535e-07
AC0317:ZNF:C2H2_ZF	4.07341239184248	0.916549327076146	4.56279224623118	8.90769224103003e-11	3.99591546305361e-10
AC0318:ZBTB:C2H2_ZF	3.48907714215179	0.645143894728879	3.93817365813022	5.81057900998449e-08	1.66726974295501e-07
AC0319:ZBTB:C2H2_ZF	2.44419613743799	0.355600367593713	2.86442432836765	0.000456384404664442	0.00084265758194565
AC0320:ZNF:C2H2_ZF	2.99450559373928	0.287020704307309	3.64673509560531	6.17495168108824e-06	1.34706993864836e-05
AC0321:LEF/TCF:Sox	2.73357318532813	0.0141403009722043	3.10625272764377	5.3407337707766e-05	0.000109743464902732
AC0322:ZNF:C2H2_ZF	2.3168469844773	0.42857142620254	2.79011766410747	0.00107998298378978	0.0019056763453576
AC0323:ZNF:C2H2_ZF	4.01441397146449	0.0433684469562234	4.13014942588612	1.79688605475318e-10	7.48115305148872e-10
AC0324:MBD:MBD	3.54552510056877	0.164684786071442	3.75395097920323	3.25207662222625e-08	9.63522236445638e-08
AC0325:ZNF705G/ZNF:C2H2_ZF	3.89801078635719	1.22478827086657	4.64066151034999	6.95428184505219e-10	2.62122931082737e-09
AC0326:ZNF:C2H2_ZF	5.41586641981532	1.74553167171212	6.24495876883025	5.904574856785e-19	7.37492977210205e-18
AC0327:ZBTB:C2H2_ZF	2.32491466536937	0.590983544548428	2.78365480589545	0.00102417024834956	0.00181726030138905
AC0330:LIN28B:CSD	4.76636792190638	0.222558440217322	5.10516739146415	1.0599887837168e-14	7.50236505808448e-14
AC0331:YBX:CSD	3.50231185069375	0.684237492092425	3.84932410723817	5.07578587494567e-08	1.46967072833654e-07
AC0332:ZNF:C2H2_ZF	3.56055870340712	0.327309138159092	3.87280965130685	2.78172819243787e-08	8.3190650637696e-08
AC0334:ZNF:C2H2_ZF	5.47914165380944	0.442751828936081	6.05791138846746	2.12339067774764e-19	2.81791637859426e-18
AC0335:NRF:Unknown	3.12060402453267	0.29322612745466	3.56710834052968	2.01863426978578e-06	4.71014662950014e-06
AC0336:ZNF:C2H2_ZF	3.91818713081042	1.18689867212181	4.55716096944776	5.51656281873199e-10	2.12972758517108e-09
AC0337:ZNF:C2H2_ZF	3.50742755465366	0.937115036920297	4.116489869943	4.81664639340911e-08	1.40100627972676e-07
AC0339:ZNF:['C2H2_zinc_finger_factors']	2.77340388837164	0.480443311715066	3.337089825626	3.89494216536299e-05	8.05544856927345e-05
AC0345:ZNF:C2H2_ZF	1.70950464504816	0.302251446493755	2.0608048778374	0.0325514228567004	0.0454273486111968
AC0347:ZNF:C2H2_ZF	5.7279847952388	1.43346415923532	6.69323200376315	3.38197508165536e-21	5.66925822898542e-20
AC0348:TP:p53	6.61922393060953	0.560312789790459	7.33128649499661	2.64378151343908e-28	1.12272588270713e-26
AC0351:GRHL/TFCP:Grainyhead	2.08609899283862	0.155237590389606	2.52118804493494	0.00451826167837045	0.00736095316910991
AC0352:ZNF:C2H2_ZF	4.90896614639425	0.927600168804322	5.80808251629883	1.37711102041152e-15	1.16962629333619e-14
AC0353:PRDM:C2H2_ZF	2.61498572768982	0.331872121164139	2.82382870871164	0.000132775019035549	0.000261042244214952
AC0354:PRDM/ZEB:['C2H2_zinc_finger_factors']	4.03058114331996	0.701839235310325	4.87334670903973	1.48411848352429e-10	6.26081770864218e-10
AC0356:DMRT/DMRTA:DM	2.80899860604388	0.978990363327331	3.31670282338748	2.9253183098949e-05	6.12969659014161e-05
AC0358:ZNF:C2H2_ZF	1.80231653056658	0.576430331061111	2.14478567702772	0.0208625314689255	0.029796933958981
AC0359:SRF/MEF2B:MADS_box	2.40723763206948	0.781996234351117	2.87125767531099	0.000589066619610352	0.00107210124769084
AC0362:DPF/ZBTB:C2H2_ZF	3.13466814734523	0.782563438338156	3.61343029669187	1.77655578600121e-06	4.20693693562367e-06
AC0363:ZBTB:C2H2_ZF	4.48577325600192	0.0290223381083132	4.62337339995866	4.90846637885076e-13	2.74271323098941e-12
AC0364:ZSCAN:C2H2_ZF	3.18576907555936	0.969655864704837	3.77842211300759	1.1111461925359e-06	2.68106107820214e-06
AC0366:ZNF:C2H2_ZF	2.63342742332112	0.806447411910754	3.15595868573444	0.000115572889503961	0.000228633324888271
AC0367:ZNF:C2H2_ZF	3.32551093874642	0.382010393095017	3.65757711908137	2.95524848933909e-07	7.56021400686345e-07
AC0368:ZNF:C2H2_ZF	4.21861868335086	0.594580318601812	5.12533214111064	1.51372464499885e-11	7.41725076049435e-11
AC0369:ZNF:C2H2_ZF	5.20907695785823	0.796806302018559	6.13214624818002	1.53450163527147e-17	1.65674159604734e-16
AC0370:ZNF/ZNF280A:C2H2_ZF	3.6274479890784	1.20475890317718	4.19486977445175	1.37656292390576e-08	4.40638483682396e-08
AC0371:REST:C2H2_ZF	3.13693623092206	0.94633949461219	3.75037187753802	1.7402318955658e-06	4.13629745326648e-06
AC0375:ZBTB/BANP:C2H2_ZF	4.08114327335304	0.251008439283719	4.38396978129812	8.11875335912243e-11	3.66783396436949e-10
AC0376:ZBED:BED_ZF	2.36401454757422	0.223457671687457	2.5232223188353	0.000789645353540855	0.00142091550905515
AC0377:ZNF385D:C2H2_ZF	3.09080460518806	0.233448359058807	3.47060110351208	2.6407781920319e-06	6.00777038687257e-06
AC0379:FOXK/FOXC:Forkhead	2.05104618014542	0.747791174913271	2.40260857213525	0.00553382018766523	0.00879063206868516
AC0384:FOXO/FOXJ:Forkhead	2.89568995829923	0.741613968937668	3.34804051931913	1.43296918179957e-05	3.07340528217619e-05
AC0386:FOXR:Forkhead	2.59419625194182	0.281136307711388	2.75252941805151	0.000155059125309414	0.00030113616714054
AC0390:CREB/JUND:bZIP	2.10566723649361	0.207858608396362	2.22507421324333	0.00402794572287422	0.00662997784359399
AC0391:FOXN:Forkhead	3.36457757537765	0.161093123261304	3.58016744553465	2.01895975920099e-07	5.2708088795534e-07
AC0392:CENPBD/GMEB:CxxC	1.79546518899066	0.231005164016464	1.94312193494292	0.0215792504022367	0.0306146603702111
AC0394:PAX:Homeodomain,Paired_box	5.01631965665386	0.865921967227712	5.63985915554946	2.84445498401157e-16	2.62596786205126e-15
AC0395:SOX:Sox	3.43097412430099	0.968312191690519	4.07091792620567	1.04527615076738e-07	2.87000391396043e-07
AC0396:POU2F:Homeodomain,POU	3.29153853648833	0.716959834087525	3.96602094184509	4.10040100345849e-07	1.03649025365201e-06
AC0397:POU2F/POU3F:Homeodomain,POU	4.49538591681048	1.32235968240105	5.17973439742097	4.32120989442514e-13	2.43593867499895e-12
AC0398:POU6F:Homeodomain	3.72063085325813	0.392749975378142	4.38053674712818	5.04954097979285e-09	1.71093489581279e-08
AC0400:GMEB:SAND	1.80084245877829	0.0800808944009342	2.0830863092154	0.0210149616615995	0.0299474957012056
AC0405:ZNF:C2H2_ZF	5.10059731863713	0.335326127380906	5.60863434638662	8.0466389103256e-17	7.65031191922001e-16
AC0406:ZNF:C2H2_ZF	2.35340641406062	0.5290955256539	2.72999427526572	0.000847772159249748	0.0015169406332643
AC0407:RXRG/RARB:Nuclear_receptor	1.93480002345447	0.67601876426583	2.28638938664995	0.0105433029986879	0.015802550612151
AC0408:RORC/RORA:Nuclear_receptor	4.7020129151049	0.741081491899778	5.38571234764862	2.60923853123287e-14	1.768175472761e-13
AC0409:NR2E:Nuclear_receptor	4.90651765696526	1.20595617364893	5.58146228207456	1.4269679346946e-15	1.19602444000061e-14
AC0410:RARA/RARG:Nuclear_receptor	7.64827960798957	1.11465195855638	8.26141622200615	8.31123379820616e-38	1.05885118589146e-35
AC0411:NR1I/VDR:Nuclear_receptor	5.92921588647916	1.45581135770935	6.70511841328233	1.03689183481511e-22	2.13064547992654e-21
AC0412:NR1I/NR1H:Nuclear_receptor	8.57562533135959	1.43504563684253	9.58993974938323	1.4716960602077e-47	3.12490130117435e-45
AC0413:THRB/RARA:Nuclear_receptor	9.80567868588344	1.3213251974466	11.00279802254	3.13678818091069e-62	1.99813407124011e-59
AC0414:NR4A/NR2C:Nuclear_receptor	4.88688970442542	1.20878129663796	5.67818962563336	1.89645683809299e-15	1.53753836308067e-14
AC0415:RARA/ESRRA:Nuclear_receptor	5.15252481840115	0.957565528724552	5.91638695550579	3.6565040189947e-17	3.69713184142797e-16
AC0416:RXRA/NR2C:Nuclear_receptor	4.87689682249241	1.04271160937986	5.48177786447699	2.19097781217142e-15	1.74456608294149e-14
AC0417:NR2E:Nuclear_receptor	2.06804001448363	0.529413481171216	2.47623158140375	0.00501818004250967	0.00807217345221884
AC0418:ZNF:C2H2_ZF	3.61599494554147	1.09860393849628	4.20266003390412	1.55428601141148e-08	4.90138707558965e-08
AC0419:ESR/ESRRA:Nuclear_receptor	4.84774055567593	0.866753170671711	5.31484877006984	3.33280759063188e-15	2.55782944003917e-14
AC0420:THRA/THRB:Nuclear_receptor	6.03084596685625	1.63642635499947	6.8940548582609	1.70275343679818e-23	4.17174592015555e-22
AC0421:THRB:Nuclear_receptor	4.83094098151967	0.986199285339986	5.48893522499862	4.2390324201897e-15	3.17678076665981e-14
AC0422:ESRRA/NR5A:Nuclear_receptor	4.8865122300834	1.81743705814581	5.6950850726228	1.90683721637948e-15	1.53753836308067e-14
AC0424:NR4A:Nuclear_receptor	3.47422341646753	0.767578429415472	4.02322174538415	6.75834224408921e-08	1.93052197734746e-07
AC0425:NR2E:Nuclear_receptor	2.83314175797897	0.338360982038141	3.43900849633466	2.40366075190498e-05	5.08681694007797e-05
AC0426:HNF4A/ZNF:Nuclear_receptor	3.92606678926662	1.09610509175776	4.65417065131673	5.03778789059522e-10	1.98090795451182e-09
AC0427:NR6A:Nuclear_receptor	5.85180961612665	1.46551360869906	6.68811266262056	4.0197510329568e-22	7.75933759998025e-21
AC0428:NKX:Homeodomain	2.54781303438954	0.203660142277571	3.10895645649036	0.000218134273571214	0.000419793148836445
AC0429:GLI:C2H2_ZF	3.93545132961959	0.910822514106439	4.43550097912753	4.52036407555598e-10	1.79966994758072e-09
AC0430:TCF7L/LEF:Sox	3.70486963157289	0.817158383730555	4.46099413848645	5.99422437481345e-09	1.99912090406082e-08
AC0431:LEF:Sox	3.92908124874112	1.16533912894199	4.66842410561938	4.86557475973628e-10	1.92507523102609e-09
AC0433:HNF4A/HNF4G:Nuclear_receptor	4.60026992559789	1.1208173313874	5.44443484997964	1.05644101311114e-13	6.40907547954092e-13
AC0434:NR2F/RXRG:Nuclear_receptor	3.83132181544883	1.06876245144454	4.41532887229229	1.48205702192623e-09	5.36403592594892e-09
AC0435:ZNF:C2H2_ZF	2.07849745457922	0.431512893930574	2.49936398014887	0.0047229088735958	0.00761643785438107
AC0436:BPTF/FOXC:Unknown	2.38483663649567	0.552535985016745	2.86208391840216	0.000686182313193469	0.00124529382764741
AC0437:CEBPA:bZIP	1.76895150241521	0.154394902836521	2.15697129399036	0.0245580221526972	0.0346385209622249
AC0439:ZNF/DMRT:C2H2_ZF	3.57660430585522	1.13525905983012	4.24765890517765	2.35271482140032e-08	7.17071455134931e-08
AC0441:WT/HOXB:Homeodomain	3.93694526715135	0.514283455650471	4.48936323967106	4.44293595582223e-10	1.77996868167218e-09
AC0447:ZFP:C2H2_ZF	1.86016471192859	0.443934830406489	2.23356757647686	0.0155928468816871	0.0227291612440153
AC0450:FEZF:C2H2_ZF	3.22835245959475	0.382165904305808	3.93469030631278	7.46903607610751e-07	1.83697914304266e-06
AC0451:ZNF:C2H2_ZF	3.70775795405749	1.02544883877459	4.45166505659285	5.80909788843701e-09	1.94757650259704e-08
AC0453:ZNF:C2H2_ZF	1.99074866190445	0.724406164783985	2.32805752078401	0.00777236772405159	0.011901438077454
AC0460:ZNF:C2H2_ZF	3.45361716339428	0.0662229629344195	3.65854964132559	8.3250569850496e-08	2.32590407871781e-07
AC0462:ZNF:C2H2_ZF	1.7687776805243	0.401263608345874	2.08490745154582	0.0245786679355191	0.0346385209622249
AC0463:ZNF:C2H2_ZF	3.13820202006128	0.398245502479264	3.72587193457593	1.72027200146928e-06	4.10416953159525e-06
AC0464:ZNF:C2H2_ZF	2.29317235773695	0.713020969163198	2.7161024368666	0.00126046418159452	0.00218778115442972
AC0465:ZIK:C2H2_ZF	3.92228120712967	1.14131486632096	4.65739740843244	5.26250694483556e-10	2.05657479991426e-09
AC0466:ZNF:C2H2_ZF	3.17386786584953	1.04845169308698	3.77234633945348	1.24036501907828e-06	2.98155666850137e-06
AC0468:ZNF780A:C2H2_ZF	3.54152142188707	1.1789514169664	4.18096383438858	3.38983404760188e-08	9.99687170519629e-08
AC0470:ZNF:C2H2_ZF	3.12459252337209	0.793051561745933	3.6935638075475	1.94693347529812e-06	4.55954641090038e-06
AC0471:ZNF:C2H2_ZF	4.64702599717824	1.11601839611846	5.50046727671129	5.57755723779238e-14	3.51509928151926e-13
AC0472:ZNF:C2H2_ZF	4.44553073970111	1.55200099154664	5.13551214255848	8.34251140262011e-13	4.54203398587095e-12
AC0473:ZNF:C2H2_ZF	4.79899835652112	1.27705015797693	5.52067465279557	6.68116461815369e-15	4.94872309507431e-14
AC0474:ZNF:C2H2_ZF	3.77106617281335	1.28546281832645	4.43599763772999	2.90198320969263e-09	1.03271692992972e-08
AC0475:ZNF:C2H2_ZF	4.54025449032009	1.38288814489001	5.35146722785217	2.37508446139758e-13	1.38800807514703e-12
AC0477:ZNF:C2H2_ZF	3.78304843784745	0.966871587259694	4.32651434266487	2.54124689757584e-09	9.09423749301016e-09
AC0478:ZNF/PAX:C2H2_ZF	3.45677190262451	0.121744634065994	3.95856888600532	8.06420433257046e-08	2.2629507312103e-07
AC0479:PAX:Homeodomain,Paired_box	5.66789572443975	1.52460917166695	6.76096277421645	9.34906189297724e-21	1.41794105376821e-19
AC0480:ZFP:C2H2_ZF	4.03575087881091	1.33031245390282	4.69233023426551	1.39584787103738e-10	5.94286140338867e-10
AC0481:ZNF:C2H2_ZF	3.0799937120781	0.652258862485929	3.40668476911844	2.90914834144347e-06	6.59475976334338e-06
AC0482:ZNF:C2H2_ZF	5.33110630781455	1.14199169914199	6.12486151687656	2.27981065862518e-18	2.68933220285971e-17
AC0483:ZNF:C2H2_ZF	3.75131417476206	0.799608722194096	4.34385675889865	3.60833862571439e-09	1.25601732490714e-08
AC0484:ZNF:C2H2_ZF	4.46136358082792	0.956540335461223	5.36978323364761	6.77523090754824e-13	3.75288877226803e-12
AC0485:ZNF:C2H2_ZF	3.0163883719821	0.669323251576145	3.61570886932645	5.10384301351606e-06	1.12496470574731e-05
AC0486:ZFP/ZFP69B:C2H2_ZF	2.76662551123242	0.254107076575053	3.37882786521281	4.11134190441853e-05	8.47548476736117e-05
AC0487:ZNF:C2H2_ZF	4.24902882502264	0.973045340046767	5.0908007251031	1.0358777164552e-11	5.15511019829659e-11
AC0489:ZNF:C2H2_ZF	5.9818838398479	0.352730513259903	6.56453356068217	4.08162293082891e-23	9.28569216763576e-22
AC0490:ZNF:C2H2_ZF	4.54607461105768	1.62419869569539	5.30597358349414	2.19668470615967e-13	1.32008316775822e-12
AC0491:ZNF:C2H2_ZF	5.2117527788943	1.32993707414818	6.28521479514755	1.47238072346439e-17	1.61708020835658e-16
AC0492:ZNF:C2H2_ZF	3.75342638285378	0.596405921794145	4.53488527187648	3.52544990726188e-09	1.23390746754166e-08
AC0493:ZNF:C2H2_ZF	5.64490378032602	1.7012870081036	6.47808360827526	1.37556311312882e-20	2.03775279782107e-19
AC0494:ZNF:C2H2_ZF	2.78350438122545	0.789167011383157	3.33721504024783	3.59248254751785e-05	7.4784685711401e-05
AC0495:ZNF:C2H2_ZF	3.20003226347346	1.00296886908303	3.814960662827	9.73331591096288e-07	2.37552576064496e-06
AC0496:ZNF:C2H2_ZF	2.18946843579555	0.494355728143259	2.66614529748919	0.00242949359862962	0.00409414661991288
AC0497:ZNF:C2H2_ZF	3.07907171131993	0.980613261021499	3.6654214953786	2.93321203126374e-06	6.62573072310284e-06
AC0498:ZNF:C2H2_ZF	5.67040036581975	0.482729133281736	6.24840481981918	8.96305714885456e-21	1.39255302532204e-19
AC0499:ZBTB:C2H2_ZF	2.04921933161782	0.123562743168765	2.22980387327753	0.00559201059920537	0.00886097201913886
AC0501:ZNF:C2H2_ZF	3.76495349304011	0.855651981835753	4.51201402914777	3.1047751970608e-09	1.09874544473763e-08
AC0502:ZNF:C2H2_ZF	5.68438367212067	1.00417776120645	6.49641668212361	7.08060097471238e-21	1.12758570522295e-19
AC0503:ZNF:C2H2_ZF	3.30884658073794	0.258275033875621	4.04069018601295	3.47180569496554e-07	8.84616091077219e-07
AC0504:ZNF:C2H2_ZF	4.13266133865584	0.781555473242553	4.92039877065547	4.3558220185817e-11	2.04019016605628e-10
AC0505:ZNF:C2H2_ZF	3.69176019691883	1.31022780759104	4.33863144455147	6.90925251751862e-09	2.29228846544759e-08
AC0506:ZNF:['C2H2_zinc_finger_factors']	2.87973632382246	0.636903015328179	3.45374563547529	1.6369401100358e-05	3.49909681239196e-05
AC0510:ZNF:C2H2_ZF	4.13519169543262	0.602934298627918	4.51520600791951	4.22374395021828e-11	1.99298140465855e-10
AC0511:ZNF:C2H2_ZF	3.91252591023969	1.21597660172894	4.55039299972992	5.88769922469469e-10	2.25931590730754e-09
AC0512:ZNF:C2H2_ZF	2.90847678518826	0.403149608512081	3.53061602258669	1.28726043716376e-05	2.77960982533328e-05
AC0513:NR3C/AR:Nuclear_receptor	2.66069270685286	0.484202574281724	3.21967197516423	9.39554092466519e-05	0.000188206275755086
AC0514:NR3C/AR:Nuclear_receptor	3.38308294622576	0.830280571586561	3.91557724551374	1.68281732230099e-07	4.46647764294055e-07
AC0515:NR3C:Nuclear_receptor	5.42041945528351	0.858582550079389	6.15466663245912	5.4878816612115e-19	6.99156123638345e-18
AC0516:ZNF:C2H2_ZF	5.94828749093459	1.36610894371711	6.83731394084271	7.40518535149037e-23	1.57236768963312e-21
AC0517:ZNF585A:C2H2_ZF	3.44003106181297	1.07869872017077	4.11793647808129	9.5450191700597e-08	2.65509921892054e-07
AC0518:NKX/MSANTD:['Homeo_domain_factors']	3.61465040981767	0.626184598846833	4.21051760360074	1.57655932947232e-08	4.94713444765452e-08
AC0519:NKX:Homeodomain	3.24817618131103	0.59584166333548	3.70135929493757	6.19627269600348e-07	1.53171897744974e-06
AC0521:ZNF:C2H2_ZF	3.3636434896733	1.05921557566731	3.92772654639036	2.03754757862335e-07	5.29762370442072e-07
AC0522:ZKSCAN:C2H2_ZF	2.65683599113465	0.73767953944432	3.16477073645314	9.67618297038866e-05	0.000193220330788012
AC0525:NFYA/NFYB:CBF/NF-Y	2.0007230041822	0.0176238753269018	2.22998422013536	0.00735349368749735	0.0113970206300141
AC0526:GFI/GFI1B:C2H2_ZF	3.10730342390774	0.964616004706671	3.69364820453259	2.27656878132516e-06	5.25425475979756e-06
AC0527:PBX/PKNOX:Homeodomain	5.59817345330963	1.12551985020451	6.35510971377596	3.00059163413129e-20	4.28946271110105e-19
AC0528:ANHX:Homeodomain	2.5925068812244	0.602430169587202	3.10580449025577	0.000157017152734402	0.000304011934017672
AC0529:ZNF:C2H2_ZF	1.99241262153983	0.0256450834843921	2.16636085755701	0.00770103523128556	0.0118206251622383
AC0530:ZNF:C2H2_ZF	3.51721688625648	1.16336010638632	4.04263460607718	4.35609298828206e-08	1.27872407075377e-07
AC0531:ZNF:C2H2_ZF	1.99369791751664	0.400102604266461	2.39730226648704	0.00764633836435178	0.0117912095815684
AC0533:POU3F/POU1F:Homeodomain,POU	3.03303537516586	0.156330089800079	3.32040982774922	4.4108938941905e-06	9.82426367342429e-06
AC0536:POU3F/POU2F:Homeodomain,POU	2.01234209884576	0.412010418912216	2.36428922921732	0.00689119491134352	0.0107065638012825
AC0537:POU4F:Homeodomain,POU	1.97141877007462	0.523493976588668	2.324172083252	0.00864551858687639	0.0131123698567625
AC0539:IRX:Homeodomain	2.72515558226556	0.100710141715099	3.33603491778398	5.70559777866191e-05	0.000116863851607963
AC0540:ASCL:bHLH	2.36603700212794	0.131366172951891	2.46911927121877	0.000778993245509812	0.00140571868948938
AC0542:ZBTB:C2H2_ZF	2.52166053471405	0.429293240058879	2.83044476080432	0.000263642800203171	0.000502815759668922
AC0543:PROX:Prospero	1.69266828938572	0.53514355193861	2.00089483844777	0.0351835643611401	0.0484058974039876
AC0545:CREB:bZIP	2.41297038071265	0.104543532544957	2.74787480383509	0.000566362036391785	0.00103670292293554
AC0546:ZNF:C2H2_ZF	3.27660333322991	0.700755354834434	3.68415790675251	4.73006908983312e-07	1.19061274132803e-06
AC0548:NR2E:Nuclear_receptor	3.10606362613174	0.936351599349035	3.61037794231037	2.30216586133039e-06	5.29415037425075e-06
AC0549:ZNF:C2H2_ZF	2.283762737113	0.524692172853187	2.63418411423277	0.00133965609381299	0.00230016423654683
AC0552:HES/MAX:bHLH	2.49326706002636	0.0288766546592016	3.04375104606089	0.000323080595316097	0.000608250352130082
AC0554:HIF1A/TCFL:bHLH	1.70739583572027	0.0608208333004229	1.84663132562366	0.0328716331870054	0.0456192382137744
AC0555:SREBF:bHLH	3.60472215324974	0.104326161626601	4.01227331059866	1.75091590463971e-08	5.41423995755094e-08
AC0556:USF/BHLHE:bHLH	2.45599597822174	0.2291425726625	2.6472170078864	0.000420295150519256	0.000778279101397575
AC0560:PAX:Homeodomain,Paired_box	1.83348467364819	0.316880106085609	2.21942447798457	0.0178572675790179	0.025970501022453
AC0564:PITX/OTX:Homeodomain	3.37887647979166	0.250470681902523	3.65946018819374	1.75410374862498e-07	4.61720697468641e-07
AC0565:ZNF:C2H2_ZF	5.35649337105125	0.74184735539927	6.0474147686877	1.52462090287027e-18	1.83242172665728e-17
AC0567:HMX/ISL:Homeodomain	3.24817618131103	0.59584166333548	3.70135929493757	6.19627269600348e-07	1.53171897744974e-06
AC0568:ZNF:C2H2_ZF	2.03369794664193	0.133326065371636	2.43050083660009	0.00610915954053075	0.00958506065841894
AC0571:BARHL/MSX:Homeodomain	1.87426164336737	0.660955319114585	2.20453544857516	0.0145015234854813	0.0212844941480452
AC0572:BARHL:Homeodomain	4.00370479811239	0.0270729681249993	4.41266599493765	2.03865351113413e-10	8.32450183713105e-10
AC0576:PAX/CRX:Homeodomain	1.70819159441934	0.126601298348068	1.8359486599818	0.0327504880921653	0.04555035134216
AC0577:POU2F:Homeodomain,POU	2.4599228439025	0.316539169847718	2.82013160021808	0.000408889992196678	0.000759367128365259
AC0578:LCORL:Pipsqueak	3.64402716368372	0.640412617370543	4.31339552655041	1.15384863723022e-08	3.7500080709982e-08
AC0580:VENTX:Homeodomain	2.28434048048738	0.00816680132264613	2.58218050696237	0.00133466416955455	0.00229778669190878
AC0581:ZSCAN:C2H2_ZF	3.82487548841668	0.963224128697264	4.335593597768	1.59336863630685e-09	5.73432667416645e-09
AC0585:HESX/HOXB:Homeodomain	2.28434048048738	0.00816680132264613	2.58218050696237	0.00133466416955455	0.00229778669190878
AC0588:POU2F/POU3F:Homeodomain,POU	4.52327324051471	1.06370611367668	5.14633681090911	2.98102432500927e-13	1.72628408639173e-12
AC0589:POU2F:Homeodomain,POU	3.40114128584324	0.219456267224266	3.90773735202631	1.40739537718691e-07	3.78274622475975e-07
AC0590:HOXC/CDX:Homeodomain	3.42721003657407	0.866356349983988	3.96993424366595	1.08541578730356e-07	2.96742427687711e-07
AC0592:CDX/HOXA:Homeodomain	2.67301219480402	0.0543259415242485	3.16161285284483	8.54981828377598e-05	0.000171805496743385
AC0593:ELK/ETV:Ets	2.41156649537404	0.0620582880154498	2.60396297789351	0.000571845328641971	0.00104374061416887
AC0595:NKX:Homeodomain	1.82575362225441	0.122094681159672	2.06699005275513	0.0185650400735962	0.02687711483382
AC0597:NKX:Homeodomain	2.01387673261444	0.249057845006069	2.19472492534374	0.00683213082874209	0.0106407514374296
AC0600:HOMEZ:Homeodomain	3.05223487346402	0.275668689466103	3.32523060110092	3.72372555071158e-06	8.35215906972984e-06
AC0601:ONECUT/CUX:CUT,Homeodomain	2.08943457413695	0.0631999496674182	2.3493569618706	0.00443102930663604	0.00725595287487702
AC0602:ZZZ:Myb/SANT	2.2993779773306	0.0888235182662508	2.81411519471436	0.00121063267330945	0.00210703008988557
AC0603:ZNF:C2H2_ZF	3.42587288500638	0.614402075394636	3.86830720503295	1.10003146028509e-07	2.99453008633165e-07
AC0604:ZNF:C2H2_ZF	4.77528404442526	0.902989332124975	5.65608972159824	9.34693070236781e-15	6.68988186225651e-14
AC0605:SCRT:C2H2_ZF	4.78547174397621	1.67132108545644	5.56905729654937	8.09313685834164e-15	5.85832747586776e-14
AC0606:SNAI/ZEB:C2H2_ZF	2.30780833115474	0.411174268199893	2.73630767909276	0.00114585588182226	0.00200524779318895
AC0607:OLIG/NEUROG:bHLH	4.11216955802628	1.23849937285067	4.70954979181353	5.58538752496624e-11	2.5781825024663e-10
AC0608:TFAP/MYOD:bHLH	6.94962030457284	0.784289130193202	7.69211062600853	3.33121723429919e-31	1.76832114854049e-29
AC0609:ZBTB/OLIG:bHLH	6.30769250809034	1.34393246635551	7.23668944182233	1.05940771559904e-25	3.06746688562084e-24
AC0610:TCF/ASCL:bHLH	2.30780833115474	0.411174268199893	2.73630767909276	0.00114585588182226	0.00200524779318895
AC0611:NHLH/TFAP:bHLH	3.04717514374464	0.863994252212474	3.65028129248864	3.894110962283e-06	8.7036795893834e-06
AC0612:MEIS/TGIF:Homeodomain	1.77705383568722	0.0537502052295093	2.17540890439917	0.0236121438629112	0.0334243014237209
AC0613:MEIS/PKNOX:Homeodomain	3.14311441743543	0.987213367136578	3.74375396618275	1.64487723681423e-06	3.93904811973935e-06
AC0615:ZNF:C2H2_ZF	1.69434871083183	0.229405563329535	1.8958643348174	0.0349129819805199	0.0481375963670804
AC0616:ZNF:C2H2_ZF	3.35421881469453	1.0606465715137	3.83954249089137	2.23460453446315e-07	5.76292748361548e-07
AC0618:ZNF:C2H2_ZF	2.14657179604045	0.126460291057532	2.35046710549458	0.00315579282812561	0.00523500008207296
AC0619:SPDEF:Ets	2.65398141425847	0.47410031405732	3.21540689613949	9.88899234603247e-05	0.000196852753888209
AC0620:ZNF:C2H2_ZF	5.98359624045917	1.37653506654188	6.82852886461549	3.95919681040231e-23	9.28569216763576e-22
AC0621:FOXO1::ELK/ERF::FOXO:['Tryptophan_cluster_factors',_'Fork_head/winged_helix_factors']	4.14356014875439	1.33991741452499	4.90781260669045	3.81426756936298e-11	1.82683341480016e-10
AC0622:ELF/SPIB:Ets	5.127311640839	1.62241262498703	6.14087891174974	5.36825274153673e-17	5.18117726721045e-16
AC0624:ZBTB:C2H2_ZF	1.98448270040943	0.365616447488677	2.22944255463188	0.00804633160005913	0.0122913986312654
AC0628:SMAD:SMAD	7.13552510960066	1.72825076843906	8.1900972587358	6.73161091296051e-33	4.76448461283983e-31
AC0629:SMAD:SMAD	6.59712366535318	0.710844072635448	7.39717083472551	4.08386157235254e-28	1.62588738849285e-26
AC0630:ZNF:C2H2_ZF	4.01161506353869	0.571816189288842	4.854318257452	1.85722072612563e-10	7.68214027624692e-10
AC0631:T/TBX:T-box	3.27439580474497	0.757309380280493	3.93240440861461	4.83072496699805e-07	1.20673404077559e-06
AC0632:TBX/MGA:T-box	3.7229683466447	1.04107200551305	4.43271746463367	4.92240931172192e-09	1.67677793131918e-08
AC0633:TBX/MGA::EVX:T-box	2.46379894718262	0.136170682753781	2.99468326684994	0.000397917031702674	0.000741149559048548
AC0634:ZNF:C2H2_ZF	2.50683156182718	0.0907194681686803	3.05153087344679	0.000293268674624707	0.000554338711382606
AC0635:TBX/EOMES:T-box	5.85223625653983	1.40015475537805	6.6610295690362	3.99004043724048e-22	7.75933759998025e-21
AC0636:SREBF:bHLH	9.13998019107825	1.26215451813059	10.5285114510887	4.81086894241392e-54	1.53226175815883e-51
